2527	9
            -0.691643807604726              0.015462973582000             -0.722073223329905             -0.589570318028385             -0.589570318028371              0.552099339068465              0.417175842423728             -0.807569028967759             -0.416889169864275
            -0.720010857025072             -0.170547469619756             -0.672679661036603             -0.433638378114016             -0.646211992333592              0.627987116102628              0.541795277565860             -0.743857258867956             -0.391323722302628
            -0.729473017778730              0.109203045509823             -0.675236115136159             -0.646211992333737             -0.433638378114275              0.627987116102300              0.224230188192526             -0.894445331967137             -0.386895813915508
            -0.799618979518486             -0.092512198332251             -0.593338841433417             -0.484459135361651             -0.484459135362619              0.728422056453774              0.354836347854129             -0.869908523537641             -0.342564339822617
            -0.819893275341265              0.362590144029639             -0.443061400375544             -0.571165562452246             -0.571165562452235              0.589525063536090              0.039305436249739             -0.736409049184750             -0.675393807315429
            -0.899608516876667              0.171619265355418             -0.401561133729137             -0.415466913263563             -0.619577498936053              0.665966190429659              0.134505614552740             -0.765944221579491             -0.628679321341793
            -0.768258580537284              0.494937467862242             -0.405974945454703             -0.619577498936212             -0.415466913263844              0.665966190429335             -0.160942462522436             -0.763167181480654             -0.625838139512198
            -0.885921122528073              0.313128101102698             -0.342190819512179             -0.456343285999419             -0.456343286000335              0.763872771242482             -0.083033547327878             -0.832887505982792             -0.547178062787530
            -0.662634502016650             -0.402831838009352             -0.631381047405728             -0.231887649685095             -0.691252009693268              0.684396651817161              0.712140179080404             -0.599914301697355             -0.364635703076791
            -0.759635090754759             -0.402416639981063             -0.510896639997134             -0.263330636738916             -0.527972677734915              0.807404376579729              0.594652423394277             -0.747867434397150             -0.295097942926647
            -0.923833959995040             -0.097220041053937             -0.370241918179661             -0.220058791833746             -0.656527269431212              0.721488788984187              0.313217085256465             -0.748010834220112             -0.585128062387011
            -0.958542298131630             -0.009514180392918             -0.284791402721331             -0.243973652040065             -0.488958657880632              0.837494052512497              0.147219291544164             -0.872255072358437             -0.466366346279630
            -0.499999999999377             -0.611245173669113             -0.613497626455750              0.000000000000386             -0.708406039562711              0.705805131116993              0.866025403784799             -0.352902565557820             -0.354203019781150
            -0.499999999997297             -0.726172574821605             -0.471882815516377              0.000000000001836             -0.544883341128585              0.838511863100667              0.866025403785999             -0.419255931547200             -0.272441670564153
            -0.846236683349313             -0.395443466565225             -0.357082540184804              0.000000000000361             -0.670190949399548              0.742188716798452              0.532807165636832             -0.628067318122676             -0.567140166230744
            -0.856221776023104             -0.447133381787718             -0.258758592427229              0.000000000001710             -0.500879539025196              0.865517005832876              0.516608430306593             -0.741074507911982             -0.428863968478551
            -0.285414235130550             -0.720956944367957             -0.631474305694588              0.231887649685677             -0.691252009693569              0.684396651816661              0.929928401710635             -0.048905454319749             -0.364474174983198
            -0.135166559700991             -0.848880516841855             -0.511010635177883              0.263330636741095             -0.527972677734255              0.807404376579450              0.955189497896689              0.025430684073096             -0.294900497482535
            -0.677753023528113             -0.634848685029846             -0.370968982819826              0.220058791834328             -0.656527269431547              0.721488788983705              0.701587462284580             -0.407356222008002             -0.584667376511167
            -0.569877684945987             -0.771038475278258             -0.284146254314889              0.243973652042111             -0.488958657880038              0.837494052512248              0.784675908455101             -0.407944972422422             -0.466759700665591
            -0.109203045509885             -0.729473017778746             -0.675236115136131              0.433638378114273             -0.646211992333736              0.627987116102302              0.894445331967130              0.224230188192473             -0.386895813915554
             0.092512198332253             -0.799618979518484             -0.593338841433419              0.484459135362617             -0.484459135361653              0.728422056453774              0.869908523537642              0.354836347854130             -0.342564339822614
            -0.494937467862321             -0.768258580537265             -0.405974945454643              0.415466913263842             -0.619577498936215              0.665966190429334              0.763167181480604             -0.160942462522513             -0.625838139512239
            -0.313128101102681             -0.885921122528077             -0.342190819512186              0.456343286000335             -0.456343285999415              0.763872771242484              0.832887505982798             -0.083033547327863             -0.547178062787523
            -0.015462973581945             -0.691643807604698             -0.722073223329934              0.589570318028371             -0.589570318028384              0.552099339068465              0.807569028967759              0.417175842423775             -0.416889169864227
             0.170547469619606             -0.720010857025183             -0.672679661036523              0.646211992333590             -0.433638378114016              0.627987116102630              0.743857258867991              0.541795277565713             -0.391323722302764
            -0.362590144029627             -0.819893275341264             -0.443061400375556              0.571165562452236             -0.571165562452247              0.589525063536089              0.736409049184755              0.039305436249754             -0.675393807315422
            -0.171619265355532             -0.899608516876687             -0.401561133729045              0.619577498936051             -0.415466913263564              0.665966190429659              0.765944221579466              0.134505614552606             -0.628679321341852
            -0.720956944367957              0.285414235130573             -0.631474305694578             -0.691252009693568             -0.231887649685678              0.684396651816661             -0.048905454319766             -0.929928401710628             -0.364474174983215
            -0.848880516841854              0.135166559700971             -0.511010635177890             -0.527972677734255             -0.263330636741094              0.807404376579450              0.025430684073113             -0.955189497896692             -0.294900497482523
            -0.634848685029830              0.677753023528139             -0.370968982819806             -0.656527269431549             -0.220058791834329              0.721488788983703             -0.407356222008024             -0.701587462284555             -0.584667376511182
            -0.771038475278264              0.569877684945980             -0.284146254314887             -0.488958657880035             -0.243973652042116              0.837494052512248             -0.407944972422416             -0.784675908455104             -0.466759700665590
            -0.911105993283888             -0.203999212098916             -0.358148279997548             -0.292426846082725             -0.292426846083572              0.910479587568950              0.290469290446151             -0.934275580946348             -0.206777005866401
            -0.942144572102660              0.276708996035926             -0.189197613014239             -0.263795188624696             -0.263795188625446              0.927806120327154             -0.206822880059139             -0.924036920242289             -0.321527706913709
            -0.499999999998021             -0.824992697768971             -0.263414214935060              0.000000000000724             -0.304164535802259              0.952619512271398              0.866025403785581             -0.476309756133623             -0.152082267901125
            -0.865180575165681             -0.482694913422147             -0.135897729607107              0.000000000000640             -0.271003889659945              0.962578252293901              0.501460439472528             -0.832804005961526             -0.234467301128437
             0.203999212098923             -0.911105993283886             -0.358148279997549              0.292426846083571             -0.292426846082726              0.910479587568950              0.934275580946347              0.290469290446157             -0.206777005866397
            -0.276708996035929             -0.942144572102659             -0.189197613014239              0.263795188625444             -0.263795188624696              0.927806120327155              0.924036920242289             -0.206822880059143             -0.321527706913707
             0.402416639981036             -0.759635090754781             -0.510896639997122              0.527972677734913             -0.263330636738916              0.807404376579730              0.747867434397166              0.594652423394249             -0.295097942926664
             0.009514180392875             -0.958542298131638             -0.284791402721309              0.488958657880632             -0.243973652040065              0.837494052512497              0.872255072358437              0.147219291544118             -0.466366346279644
             0.402831838009329             -0.662634502016678             -0.631381047405713              0.691252009693267             -0.231887649685095              0.684396651817162              0.599914301697371              0.712140179080377             -0.364635703076816
             0.097220041053906             -0.923833959995053             -0.370241918179636              0.656527269431208             -0.220058791833748              0.721488788984190              0.748010834220119              0.313217085256425             -0.585128062387022
            -0.611245173669105              0.499999999999393             -0.613497626455745             -0.708406039562712             -0.000000000000385              0.705805131116992             -0.352902565557831             -0.866025403784790             -0.354203019781161
            -0.726172574821563              0.499999999997387             -0.471882815516347             -0.544883341128584             -0.000000000001840              0.838511863100667             -0.419255931547274             -0.866025403785947             -0.272441670564204
            -0.395443466565214              0.846236683349322             -0.357082540184795             -0.670190949399546             -0.000000000000358              0.742188716798454             -0.628067318122685             -0.532807165636818             -0.567140166230746
            -0.447133381787658              0.856221776023145             -0.258758592427196             -0.500879539025198             -0.000000000001709              0.865517005832875             -0.741074507912017             -0.516608430306525             -0.428863968478573
            -0.824992697768966              0.499999999998030             -0.263414214935059             -0.304164535802260             -0.000000000000726              0.952619512271398             -0.476309756133631             -0.866025403785576             -0.152082267901129
            -0.482694913422139              0.865180575165687             -0.135897729607104             -0.271003889659945             -0.000000000000641              0.962578252293901             -0.832804005961532             -0.501460439472519             -0.234467301128439
            -0.788340394171974              0.615239321660098             -0.000000000000000             -0.000000000000001             -0.000000000000001              1.000000000000000             -0.615239321660098             -0.788340394171974             -0.000000000000002
             0.803544161719953              0.595245142916578              0.000000000000001             -0.000000000000002              0.000000000000002              1.000000000000000             -0.595245142916578              0.803544161719953             -0.000000000000003
             0.824992697768975             -0.499999999998013             -0.263414214935062              0.304164535802259              0.000000000000723              0.952619512271398              0.476309756133616              0.866025403785586             -0.152082267901122
             0.482694913422150             -0.865180575165680             -0.135897729607107              0.271003889659945              0.000000000000641              0.962578252293901              0.832804005961525              0.501460439472530             -0.234467301128437
             0.726172574821578             -0.499999999997357             -0.471882815516355              0.544883341128582              0.000000000001839              0.838511863100668              0.419255931547250              0.866025403785965             -0.272441670564186
             0.447133381787704             -0.856221776023112             -0.258758592427224              0.500879539025197              0.000000000001708              0.865517005832876              0.741074507911989              0.516608430306579             -0.428863968478556
             0.611245173669106             -0.499999999999390             -0.613497626455746              0.708406039562711              0.000000000000384              0.705805131116993              0.352902565557831              0.866025403784791             -0.354203019781158
             0.395443466565213             -0.846236683349324             -0.357082540184791              0.670190949399547              0.000000000000361              0.742188716798453              0.628067318122685              0.532807165636815             -0.567140166230750
            -0.402831838009332              0.662634502016677             -0.631381047405712             -0.691252009693268              0.231887649685093              0.684396651817162             -0.599914301697369             -0.712140179080379             -0.364635703076815
            -0.402416639981038              0.759635090754778             -0.510896639997125             -0.527972677734915              0.263330636738917              0.807404376579729             -0.747867434397163             -0.594652423394252             -0.295097942926663
            -0.097220041053906              0.923833959995053             -0.370241918179635             -0.656527269431211              0.220058791833745              0.721488788984188             -0.748010834220117             -0.313217085256425             -0.585128062387025
            -0.009514180392880              0.958542298131638             -0.284791402721307             -0.488958657880633              0.243973652040062              0.837494052512497             -0.872255072358437             -0.147219291544122             -0.466366346279645
            -0.203999212098917              0.911105993283889             -0.358148279997544             -0.292426846083573              0.292426846082722              0.910479587568950             -0.934275580946348             -0.290469290446151             -0.206777005866402
             0.276708996035925              0.942144572102661             -0.189197613014238             -0.263795188625446              0.263795188624694              0.927806120327155             -0.924036920242290              0.206822880059139             -0.321527706913708
             0.499999999998022              0.824992697768971             -0.263414214935060             -0.000000000000725              0.304164535802259              0.952619512271398             -0.866025403785581              0.476309756133624             -0.152082267901126
             0.865180575165683              0.482694913422146             -0.135897729607102             -0.000000000000645              0.271003889659943              0.962578252293901             -0.501460439472525              0.832804005961528             -0.234467301128438
             0.911105993283887              0.203999212098922             -0.358148279997546              0.292426846082723              0.292426846083573              0.910479587568951             -0.290469290446156              0.934275580946347             -0.206777005866400
             0.942144572102663             -0.276708996035914             -0.189197613014243              0.263795188624695              0.263795188625446              0.927806120327155              0.206822880059127              0.924036920242293             -0.321527706913706
             0.848880516841854             -0.135166559700947             -0.511010635177898              0.527972677734256              0.263330636741092              0.807404376579450             -0.025430684073133              0.955189497896696             -0.294900497482509
             0.771038475278261             -0.569877684945984             -0.284146254314886              0.488958657880033              0.243973652042111              0.837494052512250              0.407944972422422              0.784675908455102             -0.466759700665587
             0.720956944367954             -0.285414235130611             -0.631474305694564              0.691252009693569              0.231887649685678              0.684396651816660              0.048905454319795              0.929928401710616             -0.364474174983241
             0.634848685029831             -0.677753023528137             -0.370968982819808              0.656527269431548              0.220058791834326              0.721488788983705              0.407356222008024              0.701587462284558             -0.584667376511178
            -0.170547469619711              0.720010857025105             -0.672679661036579             -0.646211992333592              0.433638378114015              0.627987116102628             -0.743857258867965             -0.541795277565816             -0.391323722302670
            -0.092512198332261              0.799618979518484             -0.593338841433418             -0.484459135362617              0.484459135361650              0.728422056453776             -0.869908523537641             -0.354836347854136             -0.342564339822611
             0.171619265355484              0.899608516876679             -0.401561133729082             -0.619577498936052              0.415466913263563              0.665966190429660             -0.765944221579477             -0.134505614552662             -0.628679321341826
             0.313128101102659              0.885921122528080             -0.342190819512200             -0.456343286000339              0.456343285999414              0.763872771242482             -0.832887505982805              0.083033547327838             -0.547178062787516
             0.135166559700971              0.848880516841855             -0.511010635177889             -0.263330636741095              0.527972677734255              0.807404376579450             -0.955189497896691             -0.025430684073113             -0.294900497482524
             0.569877684945994              0.771038475278257             -0.284146254314880             -0.243973652042113              0.488958657880033              0.837494052512249             -0.784675908455095              0.407944972422431             -0.466759700665592
             0.499999999997348              0.726172574821583             -0.471882815516357             -0.000000000001839              0.544883341128582              0.838511863100668             -0.866025403785970              0.419255931547243             -0.272441670564182
             0.856221776023123              0.447133381787691             -0.258758592427212             -0.000000000001711              0.500879539025197              0.865517005832876             -0.516608430306561              0.741074507911998             -0.428863968478562
             0.759635090754778              0.402416639981041             -0.510896639997124              0.263330636738916              0.527972677734913              0.807404376579730             -0.594652423394253              0.747867434397163             -0.295097942926661
             0.958542298131636              0.009514180392888             -0.284791402721314              0.243973652040063              0.488958657880632              0.837494052512497             -0.147219291544131              0.872255072358438             -0.466366346279640
             0.799618979518473              0.092512198332284             -0.593338841433430              0.484459135361651              0.484459135362618              0.728422056453774             -0.354836347854159              0.869908523537637             -0.342564339822594
             0.885921122528079             -0.313128101102665             -0.342190819512196              0.456343285999414              0.456343286000334              0.763872771242485              0.083033547327847              0.832887505982805             -0.547178062787515
             0.729473017778737             -0.109203045509851             -0.675236115136147              0.646211992333737              0.433638378114271              0.627987116102302             -0.224230188192500              0.894445331967135             -0.386895813915527
             0.768258580537273             -0.494937467862294             -0.405974945454662              0.619577498936213              0.415466913263844              0.665966190429334              0.160942462522487              0.763167181480620             -0.625838139512226
             0.015462973581943              0.691643807604700             -0.722073223329932             -0.589570318028371              0.589570318028382              0.552099339068467             -0.807569028967760             -0.417175842423775             -0.416889169864227
             0.109203045509906              0.729473017778750             -0.675236115136124             -0.433638378114274              0.646211992333738              0.627987116102300             -0.894445331967127             -0.224230188192457             -0.386895813915570
             0.362590144029585              0.819893275341261             -0.443061400375596             -0.571165562452236              0.571165562452248              0.589525063536088             -0.736409049184776             -0.039305436249802             -0.675393807315397
             0.494937467862307              0.768258580537271             -0.405974945454649             -0.415466913263845              0.619577498936211              0.665966190429336             -0.763167181480612              0.160942462522502             -0.625838139512232
             0.285414235130643              0.720956944367953             -0.631474305694550             -0.231887649685678              0.691252009693568              0.684396651816661             -0.929928401710606              0.048905454319821             -0.364474174983263
             0.677753023528185              0.634848685029804             -0.370968982819767             -0.220058791834328              0.656527269431548              0.721488788983704             -0.701587462284510              0.407356222008067             -0.584667376511205
             0.499999999999408              0.611245173669099             -0.613497626455738             -0.000000000000387              0.708406039562712              0.705805131116992             -0.866025403784780              0.352902565557841             -0.354203019781173
             0.846236683349328              0.395443466565208             -0.357082540184788             -0.000000000000360              0.670190949399545              0.742188716798454             -0.532807165636809              0.628067318122689             -0.567140166230751
             0.662634502016683              0.402831838009326             -0.631381047405709              0.231887649685095              0.691252009693266              0.684396651817163             -0.712140179080373              0.599914301697374             -0.364635703076819
             0.923833959995053              0.097220041053906             -0.370241918179634              0.220058791833746              0.656527269431210              0.721488788984189             -0.313217085256424              0.748010834220118             -0.585128062387024
             0.720010857025152              0.170547469619651             -0.672679661036544              0.433638378114014              0.646211992333590              0.627987116102632             -0.541795277565755              0.743857258867981             -0.391323722302725
             0.899608516876676             -0.171619265355463             -0.401561133729099              0.415466913263562              0.619577498936054              0.665966190429659             -0.134505614552687              0.765944221579480             -0.628679321341818
             0.691643807604629             -0.015462973581809             -0.722073223330002              0.589570318028382              0.589570318028372              0.552099339068466             -0.417175842423891              0.807569028967761             -0.416889169864107
             0.819893275341262             -0.362590144029600             -0.443061400375582              0.571165562452247              0.571165562452234              0.589525063536090             -0.039305436249783              0.736409049184770             -0.675393807315404
            -0.637173479256623              0.069933301930038             -0.767541067704636             -0.626694657502484             -0.626694657502487              0.463149665352017              0.448624301158391             -0.776120570233133             -0.443140042053460
            -0.654315233066094              0.155059602552553             -0.740154102490763             -0.706524475777530             -0.474306719595150              0.525220240350821              0.269619622625932             -0.866596593233052             -0.419899516184430
            -0.783492628228410              0.392276546551412             -0.481931958410558             -0.613258730504871             -0.613258730504876              0.497822718363779              0.100264804250008             -0.685589411007234             -0.721050711492237
            -0.722428657067855              0.515090978293794             -0.461278787207344             -0.687139321952821             -0.460482613222759              0.561956684403484             -0.077047956970665             -0.722936405916787             -0.686605101442427
            -0.589455226588660              0.117651554597590             -0.799187492111883             -0.652533854829466             -0.652533854829463              0.385226085049802              0.476174447181606             -0.748570424210155             -0.461411113703518
            -0.589390057572731              0.206058688316405             -0.781126863578341             -0.750658344641360             -0.497029663063308              0.435285611587919              0.298548839647230             -0.842912410042999             -0.447624015598800
            -0.750471362029385              0.420498045538404             -0.509876581607886             -0.642981112671026             -0.642981112671027              0.416113659348809              0.152866031289130             -0.640122396457670             -0.752911212581670
            -0.676037741012096              0.545630100267710             -0.495238090628246             -0.736727528043593             -0.487417224912049              0.468675792293365             -0.014336043737316             -0.681698058190638             -0.731493154656334
            -0.546746350081540              0.160360431105221             -0.821798613291762             -0.670995757963938             -0.670995757963936              0.315482781762814              0.500832428529658             -0.723912442861809             -0.474465650603850
            -0.530868234838933              0.247136672041426             -0.810618518522297             -0.781873910983435             -0.511789524615787              0.356012176501050              0.326882401732585             -0.822797027112906             -0.464922517858300
            -0.720379021701451              0.447266583212466             -0.530100621235164             -0.664390968027823             -0.664390968027823              0.342299990076111              0.199094717899578             -0.598779796874026             -0.775773193762190
            -0.633861430750585              0.571399734260492             -0.521269633005665             -0.772239082982499             -0.505192756725785              0.385262348622533              0.043202839272082             -0.646747726891128             -0.761479410384805
            -0.508214271542070              0.198892509644393             -0.837949893375683             -0.684183222929973             -0.684183222929968              0.252560160995985              0.523078934446914             -0.701665936944724             -0.483790596507790
            -0.478472122579553              0.284129026965251             -0.830864082717503             -0.804838112752936             -0.520276207046974              0.285566595807539              0.351141054527250             -0.805346735522405             -0.477615530954446
            -0.692979980060607              0.472468877145600             -0.544565797093407             -0.679789639166257             -0.679789639166255              0.275267311834193              0.240134948971222             -0.560944922974608             -0.792260058106932
            -0.594921245745054              0.596243912946384             -0.539037946378117             -0.798386265013326             -0.515935816401779              0.310466753762623              0.092995070832945             -0.615063760620161             -0.782974129312432
            -0.472842128808607              0.234264652377802             -0.849435338251272             -0.693561049401306             -0.693561049401303              0.194797693792105              0.543501050575898             -0.681243820815771             -0.490421721198424
            -0.430463319333324              0.316911021755557             -0.845144209586971             -0.821869120058288             -0.524700519671455              0.221856967776812              0.373138687625866             -0.790099214622033             -0.486323709940707
            -0.667776318055679              0.496342562157062             -0.554724120654009             -0.690804829492061             -0.690804829492059              0.213488583069194              0.277242631271681             -0.525768721532396             -0.804178944553850
            -0.558808084814271              0.619264022268182             -0.551584621858187             -0.817772051758367             -0.521983089768335              0.242451078279336              0.137776615247716             -0.586554110649763             -0.798105180769270
            -0.439821304546336              0.267285476640239             -0.857388881455994             -0.700055090234275             -0.700055090234275              0.140874913572864              0.562565632352564             -0.662179239039009             -0.495013701508835
            -0.385757396078956              0.346777706234673             -0.854948217045338             -0.834588980744740             -0.526157417856871              0.163155155767896              0.393258775604359             -0.776468669099281             -0.492385967831488
            -0.644316676073463              0.519155697356229             -0.561545530510405             -0.698485079562394             -0.698485079562392              0.155682970351404              0.311407473517193             -0.492540308534527             -0.812668093323684
            -0.524913906316613              0.641009598583481             -0.559975075766126             -0.832195539107060             -0.524597397222483              0.179577714423886              0.178650428618978             -0.560271599629359             -0.808813797485561
            -0.408456389394674              0.298650391791859             -0.862537721752061             -0.704259100731743             -0.704259100731744              0.089656221608056              0.580674174558490             -0.644070696833108             -0.497986385839745
            -0.343311372396144              0.374403424962165             -0.861370638552346             -0.843966961928638             -0.525410071172943              0.108000112421183              0.412137196521282             -0.764046027727809             -0.496363373706134
            -0.622181670606613              0.541198130031940             -0.565680610248482             -0.703511327710231             -0.703511327710229              0.100715557719645              0.343455645672846             -0.460626091133929             -0.818450868178491
            -0.492665785425620              0.661697150155183             -0.565187849610611             -0.842765750143757             -0.524643144782457              0.120397097213364              0.216855514699506             -0.535636492510810             -0.816129422110935
            -0.378072394011791              0.329034387174846             -0.865330940705732             -0.706539754457233             -0.706539754457232              0.040039364917878              0.598216382471849             -0.626528488919688             -0.499599051554651
            -0.302175032405236              0.400503452765717             -0.865035972728091             -0.850609060832859             -0.522910725671333              0.055032704884662              0.430295799909709             -0.752436945730750             -0.498682431292144
            -0.600969307051823              0.562757546182035             -0.567573639448510             -0.706306878306530             -0.706306878306530              0.047551943322738              0.374120950547462             -0.429458423915586             -0.821948280909088
            -0.461516013539428              0.681635864118614             -0.567781223706759             -0.850172349716677             -0.522648800987874              0.063601938674557              0.253396813365714             -0.512065210274246             -0.820718755361965
            -0.348288819675410              0.358817961511282             -0.865993399851291             -0.707080650084604             -0.707080650084605             -0.008597008309093              0.615411937132392             -0.609332934259114             -0.499981522520718
            -0.261765332823789              0.425491050995283             -0.866277251262308             -0.854805296053707             -0.518937635301634              0.003411232340721              0.448092419451819             -0.741391324598877             -0.499551886633748
            -0.580427683908982              0.583878319766058             -0.567617663096578             -0.707100248294957             -0.707100248294956             -0.004298572137454              0.403872433589203             -0.398867580242335             -0.823281064289929
            -0.431122580918761              0.700923330802648             -0.568189937044355             -0.854776507595143             -0.518927941106826              0.008421045189352              0.288947127145084             -0.489305912773545             -0.822854350076276
            -0.317968046159570              0.389138735027123             -0.864561950656491             -0.705911876711279             -0.705911876711278             -0.058110624122632              0.632917643883804             -0.591827227507701             -0.499155074942769
            -0.220593135640199              0.450330767585010             -0.865182563552179             -0.856658075465229             -0.513562609567797             -0.048891592264160              0.466342803363186             -0.730380480174690             -0.499067875074278
            -0.559878983350572              0.604521704141450             -0.566647185843402             -0.706012090500935             -0.706012090500935             -0.055622442709753              0.433684738109182             -0.368917927577960             -0.822080963556968
            -0.400741880066001              0.719543816269070             -0.567153102812732             -0.856750483145703             -0.513648960917690             -0.046296377588122              0.324629874150195             -0.467355797457483             -0.822310162525132
            -0.288605613175981              0.418501168010768             -0.861140855154915             -0.703118563931233             -0.703118563931234             -0.106059276400324              0.649870052470951             -0.574874818920521             -0.497179904534064
            -0.180334058154976              0.473930128956804             -0.861898984995542             -0.856128891477105             -0.507056074495804             -0.099686802010544              0.484275694875905             -0.719919697038422             -0.497184755567351
            -0.540199045617338              0.620900783315643             -0.568038034283038             -0.703565471912940             -0.703565471912940             -0.099956257752295              0.461714866390545             -0.345655672613574             -0.816909749081267
            -0.372085767523767              0.734352588668087             -0.567695743442497             -0.856568755245837             -0.507259367681627             -0.094751788562711              0.357550205066150             -0.451014644347294             -0.817767473944421
            -0.253400700866871              0.453706080319660             -0.854364604534358             -0.697585778467967             -0.697585778467966             -0.163548657464631              0.670195618069396             -0.554549253322203             -0.493267634413984
