16530 9
-0.107398796613368 0.739912325286276 0.664074731770045 -0.304354716787865 0.611403192204689 -0.730448042595019 0.946484920563967 0.280563517677144 -0.159531839121999 
0.234378847346551 -0.19053477403933 -0.953290646024749 -0.826201156071676 -0.555805470997293 -0.0920430774980006 0.512306749538134 -0.809182784228173 0.287689096224402 
0.85129198930253 0.52419508964103 -0.0228354318017753 -0.485973471200783 0.7713169244067 -0.410974436446905 0.197817426528613 -0.36095665961445 -0.911360826260146 
0.946442794721355 0.302825840999437 0.111993510271866 0.144185553407827 -0.0860560356804687 -0.985801645825082 0.288888494939673 -0.949152710972237 0.125110226382758 
-0.0928217126917585 -0.460340905763322 -0.882876197512411 -0.858663420271508 -0.411885136984007 0.305037316765182 0.504064738243615 -0.786407581609353 0.357046012786483 
0.399538487795302 0.218133930516565 -0.890385638432942 0.322775021325908 -0.942553453280066 -0.0860771358601209 0.858012402228723 0.253003114738171 0.446994565464146 
-0.6467319301723 0.724462563268464 -0.238520030433709 -0.762379445437785 -0.6233305034977 0.173886930455626 0.0227022393077624 -0.294300998693159 -0.955443106887387 
-0.643499838316523 0.723492777414862 -0.249932309066151 -0.762041080748006 -0.636288956023181 0.120123918081873 0.0721203808851543 -0.267758408778247 -0.960783058338105 
-0.597390259729143 0.764129248383407 -0.243374956283006 -0.795325991514926 -0.603441333483389 0.0575771158064542 0.102866149930608 -0.227958436581756 -0.968221827057031 
-0.183199695700555 -0.529924948757406 -0.828020181021987 -0.825502708714439 -0.374454714844419 0.422290118799752 0.53383813033573 -0.760896323565336 0.368854490801463 
-0.195986611403253 -0.554026807208335 -0.80910045423619 -0.806430131079218 -0.378372324430781 0.454428022675102 0.557906526076032 -0.74154479365672 0.372628001044457 
-0.664219817224911 0.726566316708356 -0.175822131230848 -0.669491327096877 -0.682818193458214 -0.292473379343359 0.332555855981771 0.0765552225998565 -0.939971223253626 
-0.812233913481619 -0.329455974934065 -0.481388440212868 0.313256107518883 -0.942497734754657 0.11648446713815 0.49208401812338 0.056185234382229 -0.86873271985402 
-0.579429845267939 0.796320629974911 -0.173592939629275 -0.791894016935125 -0.600449108039711 -0.111196828177194 0.192782054027665 -0.0730364493296056 -0.978519676201863 
0.0553963178086919 -0.354528029800764 -0.933402980528146 -0.865707466549214 -0.4828288591927 0.132010890049333 0.497475457016906 -0.800741012323126 0.333664503430551 
0.559460853489619 0.538419899985631 0.63016471236664 0.357166063530917 0.52946923440572 -0.769476921603013 0.747954514977011 -0.655565664992672 -0.103911993572542 
-0.523999758290889 0.154059066579352 0.837669420067242 -0.537535271461192 -0.82270974057867 -0.184944626015791 -0.660666394821345 0.547187798440057 -0.513911887381572 
-0.0267769673093172 -0.984296025507442 0.174483031243642 0.0868454735237272 0.171595092460662 0.981332251570209 0.995861866801895 -0.0414301630900835 -0.0808868582414581 
0.594048705028753 -0.603952468648516 -0.531363859955704 0.70215020295137 0.711628952314417 -0.0238605683761957 -0.392544556132183 0.358922902363792 -0.846807606017884 
0.647637338763953 -0.500265708185419 -0.574717407646998 0.568768408355352 0.819318581599297 -0.0722465189682915 -0.507019107229367 0.280091561921914 -0.815156636386209 
0.614529585511814 -0.784417185446642 -0.0839229867595657 0.747694484281269 0.613059990783308 -0.255167407550685 -0.251607525137951 -0.0940591668937092 -0.963247904963835 
0.552432789337677 -0.797749934496393 0.241687929519858 0.832219684782858 0.511432865865259 -0.21411870533134 -0.0472060327131467 -0.319423646156402 -0.94643548367104 
0.567224231011294 -0.823067986852736 0.0285615260766909 0.805450119727241 0.547181618497029 -0.227689220233073 -0.171775366059916 -0.15215572745433 -0.973314881329689 
0.460996275392175 -0.807650594946755 0.367672341299552 0.887373402398206 0.416222308423114 -0.198311458789365 -0.00713293703695922 -0.417683500336184 -0.908564590305026 
0.278260162264924 -0.681426700600029 0.676926091834003 0.924456320112413 0.38126909838569 0.00379299622716078 0.260675649611762 -0.6247331640993 -0.736041221246449 
0.318465487599259 -0.667379406991769 0.673189765468461 0.863074753143696 0.497831363669324 0.0852402711932009 0.392022580592132 -0.553867006121918 -0.734540424915762 
0.378884732470021 -0.53788946328082 0.753074554604384 0.690380628575459 0.706191587715944 0.157060590623457 0.616296152177567 -0.460400224512006 -0.638913676548264 
0.392825374403246 -0.421735677196713 0.817206977334616 0.588520872263701 0.798125661413913 0.128990741925831 0.706633857195451 -0.430272526629384 -0.561724260374291 
0.423530187576841 -0.293647002531379 0.856967687906295 0.586243936575155 0.810043241612285 -0.0121652598462403 0.690608591779737 -0.507544465660495 -0.515226540792894 
0.411521432127332 -0.287479535608474 0.864873185794429 0.62896185282079 0.776342731258667 -0.0412183371580319 0.659588582827287 -0.560934470529464 -0.500295333953578 
0.430646199282692 -0.209534056737735 0.877860655292398 0.645138979671678 0.751670279758249 -0.137067455788539 0.631141464294304 -0.625369706329931 -0.458882536661898 
0.43394907232309 -0.0946064095731448 0.895956377229164 0.716664578780723 0.638896708940911 -0.279647772788417 0.545967109037696 -0.763453091271593 -0.345049696821878 
0.486147958540558 0.0151008734729693 0.873746030621714 0.678853021501601 0.62309102374092 -0.388479280440592 0.550289685170453 -0.78200354203408 -0.292663155592156 
0.53926518584555 0.261289114299628 0.800575454334868 0.582005393663846 0.571450213096301 -0.578545050707708 0.608656537861179 -0.777928436747693 -0.156091531538824 
0.550171619824248 0.446372218482018 0.705735808435001 0.41313696036876 0.588959696731675 -0.694582124448214 0.725692111516465 -0.673704919228867 -0.139616048825342 
0.345191401928436 -0.706964585237018 -0.617287592014721 0.926281948571035 0.362547832934579 0.102765853209555 -0.15114445999152 0.607256242499896 -0.779996928300862 
-0.847830726659808 0.530147528465719 -0.0112541989138722 -0.154116701176353 -0.2666653490333 -0.951387215619102 0.507376685855807 0.804880854342205 -0.307791664869827 
0.124718368058097 -0.798419193081545 -0.589043394656065 0.990381986179871 0.0643326439026157 0.122494213654821 0.0599070122718445 0.598655245569196 -0.798763448608627 
-0.0242424271314161 -0.770863962149502 -0.636538338661505 0.981600362809907 -0.138986941433112 0.130932646206089 0.189401775224622 0.621652139037774 -0.760049725722944 
-0.0305295040263271 -0.657971171194318 -0.752424007632056 0.969672325655255 -0.20212531877087 0.137407919604743 0.242494392187193 0.7254097417246 -0.644187221519344 
0.00255812174443715 -0.650957309888235 -0.759110029387185 0.966897647798242 -0.192079373331832 0.167971583973828 0.255151709175868 0.734411393595935 -0.628917729326428 
0.0268536486903853 -0.51435004654117 -0.857159793256257 0.967525853856477 -0.202222109583868 0.151657312763829 0.251341607521137 0.833396813059989 -0.492216566472671 
-0.0200410299887994 -0.36259130232086 -0.931732743118031 0.980586523778456 -0.188945363322637 0.052437763710529 0.195060058702628 0.912593664869606 -0.359338804387708 
-0.0568218811564063 -0.38115748372849 -0.922762291394492 0.975857265502084 -0.216433767641564 0.029309070119553 0.210888290781264 0.898818889889528 -0.384253473620102 
-0.0528336808128627 -0.351292124880237 -0.934774007538128 0.982411719299387 -0.18616871810638 0.0144368342045391 0.179097224866793 0.9175701888116 -0.354949479009701 
-0.0489448052717274 -0.299834644557801 -0.952734796236503 0.965053039019211 -0.260060651780621 0.0322659150687696 0.257443271259319 0.91786036155743 -0.302084952893991 
-0.100445852611703 -0.181862307440686 -0.978180316621357 0.965906607719632 -0.253607528793031 -0.0520350507162659 0.238610678421274 0.950057536400739 -0.201135828910461 
-0.246860034739682 -0.0845681218520808 -0.965354005541353 0.899291096087901 -0.391121305577504 -0.195702960683711 0.361020287165894 0.916445501429169 -0.172603578076745 
-0.313970824355859 -0.0991451979401824 -0.944241786397269 0.842874286966704 -0.486884776082043 -0.229142207351483 0.437018601233029 0.86782109017063 -0.236434552532801 
-0.303714615506172 -0.197463235324855 -0.932076017834908 0.872849084571886 -0.449856741423455 -0.189112103678987 0.381957992310619 0.870997808775035 -0.308983671444187 
-0.594568536001915 0.0791195853326145 -0.800142704280515 0.589178027450935 -0.634304702793543 -0.500526518761016 0.547135730843422 0.769023819677122 -0.330522097300081 
-0.786077515300024 0.159704220171681 -0.597140437417444 0.465782247613262 -0.482043377173586 -0.742078890908118 0.406360723677964 0.861468945802714 -0.304536069570556 
-0.799488759130618 0.160120864614191 -0.578946485211707 0.458007568800024 -0.461103392588692 -0.76000837381248 0.388647386387297 0.872780023865351 -0.295310411255548 
-0.807934756761993 0.377740268542762 -0.452276152739874 0.28271947233775 -0.424930395998536 -0.859944101972676 0.517021400695372 0.822646004109769 -0.236521506728725 
-0.826178770539825 0.391033688416662 -0.405612245417424 0.282116254382494 -0.33604553078629 -0.89860103508273 0.487687459468148 0.856834905779299 -0.16731672395694 
-0.819663362285803 0.382240648720642 -0.426666214964293 0.242906244770281 -0.442623528228503 -0.863180727605843 0.518795266726609 0.811157505497036 -0.269953648795292 
-0.848037448816273 0.529391333839813 0.0240270901378404 -0.0777688867328047 -0.0794739813465775 -0.993798715306709 0.524198898951084 0.844647087217039 -0.10856708706714 
-0.868875247130388 0.485517161133102 0.0965861851889865 -0.116370676924122 -0.0106838376370176 -0.993148388291281 0.48115867494656 0.874161851065694 -0.0657828827665015 
-0.767327686720537 0.640281238725229 0.0353292588175411 -0.0506336105753858 -0.00557439268251342 -0.998701739072443 0.639253047448513 0.768120343099119 -0.0366971367422838 
-0.675985503668088 0.734676422534355 0.057394712323727 -0.0115313971390203 0.0673297622071905 -0.997664136872297 0.736824691300871 0.675068335276693 0.0370420976205619 
-0.53691730785563 0.843193501829384 0.0272859487239024 0.0245039743053595 0.0479166545945031 -0.998550724528161 0.843278933549455 0.53547055258452 0.046388873089602 
-0.475983432106441 0.879065202752132 0.0261561019750106 0.081808723697485 0.0738697456501745 -0.99390673274939 0.875640968141145 0.470943340528276 0.107075977347423 
-0.398154273765019 0.917045305191927 -0.0223848723046628 0.0995025371415423 0.0189168438540217 -0.994857476285422 0.911905926828555 0.398334107558025 0.0987801567669609 
-0.0792115422956534 0.994322944287506 0.0710451548704738 0.0369504745882085 0.0741487810162208 -0.9965624018101 0.996172773164801 0.0763140926515815 0.0426141439890056 
0.0472719486255495 0.866311579371355 0.497262114302157 -0.0206859607549972 0.498560920516888 -0.866607811850894 0.99866783962476 -0.0306798953789138 -0.0414884335538565 
0.0795784830177355 0.625013594903042 0.7765470180401 -0.013383292444325 0.779617273471703 -0.626113244060449 0.996738758413631 -0.0394323863204449 -0.0704054996795676 
0.0717109038715089 0.645901572322964 0.760045199403729 0.0624427730447986 0.757605115999253 -0.649719468929656 0.995468958009444 -0.0940513002700185 -0.0139966623561446 
0.0896060507771506 0.622693222726622 0.777318407111562 0.115430739071252 0.768705817590738 -0.629100238817011 0.989265636794075 -0.14609762616993 0.00299724639026672 
0.128053632033764 0.670181983924505 0.731066601443382 0.150810351374519 0.715404856611422 -0.682240521410951 0.980233903331881 -0.197615787729134 0.00946019021684014 
0.351252436895662 0.682500704973032 0.640948136190577 0.179878529741995 0.622624283738866 -0.761565962892593 0.918839180767079 -0.382794708701647 -0.0959310735752687 
0.327575676916674 0.737135965305189 0.591037007763618 0.229370182207766 0.544795500609365 -0.806589847462617 0.916560688337963 -0.399785481438957 -0.00938474421932251 
0.412732788679356 0.708878424234634 0.571964181399136 0.240389046306149 0.520907187859547 -0.819065814237341 0.878558337030036 -0.475549241709921 -0.0445888679396231 
0.565788682554069 0.611136573081673 0.553529814676427 0.333867605057234 0.444020159348663 -0.831491744027164 0.753933411507328 -0.655254291961508 -0.0471828769676647 
-0.132830941465384 -0.468062686445102 -0.873655116477443 -0.79323862102359 -0.478286881189828 0.376847647462872 0.59424610314752 -0.743074007646279 0.307754103229323 
-0.139844880556719 -0.487314699968474 -0.861955795024729 -0.724368647548542 -0.543146904745812 0.424595692763999 0.675080344722592 -0.68375128742817 0.277039176127758 
-0.152728280667885 -0.51934662035834 -0.84080506671083 -0.640403532392468 -0.595979693442031 0.484449709158744 0.752700065088001 -0.612443705924972 0.241568456321196 
-0.138826549844023 -0.550440370191856 -0.82325123013662 -0.549200578628006 -0.648963695617353 0.526521458447167 0.824078827232607 -0.525225209442313 0.212208778972997 
-0.130693480984289 -0.56973848476607 -0.811367532629124 -0.522165230532659 -0.656122991623655 0.544835839391648 0.842770838396171 -0.494874407137092 0.211746629512082 
-0.139632779989253 -0.609728418528754 -0.780214036268829 -0.488471706323587 -0.642974434321574 0.58989767666111 0.861335056104067 -0.463481534095241 0.208054773266384 
-0.144785232437888 -0.634747028188833 -0.75903454906437 -0.478821067665101 -0.626367133302055 0.615137870301462 0.865891229674928 -0.452504612710645 0.213241538748036 
-0.150901725970137 -0.653645307618059 -0.741603991985026 -0.465399430594607 -0.614880561531777 0.636651604138859 0.872142212658836 -0.441213901502729 0.211419615975649 
-0.133223833494374 -0.672114180521222 -0.728363877832605 -0.46808504216975 -0.605113340848399 0.643998632004939 0.87358331227537 -0.426732202991028 0.233991075565752 
-0.1408233259264 -0.68958383453247 -0.710382239379985 -0.470738122308965 -0.584595879742443 0.660797455801087 0.870961773604363 -0.427459696976984 0.242288663334231 
-0.118255953520822 -0.714380860177067 -0.689692334356092 -0.458569105742131 -0.5767762703985 0.676049930969642 0.880755303541082 -0.396218526217377 0.259385764386534 
-0.142217573360826 -0.766940390604628 -0.625760816196236 -0.458572354234464 -0.509200853611336 0.728303430318263 0.877203259090628 -0.390534157201016 0.279280350723199 
-0.180973443407721 -0.785388834430624 -0.591956916956681 -0.47116355792073 -0.459092265193111 0.753152835570136 0.863280669578922 -0.415209189194512 0.2869630895077 
-0.20394004920437 -0.812583063171291 -0.546001118842884 -0.476942650988252 -0.40459144265087 0.780276535724346 0.854946877881204 -0.419540856152115 0.305043121575184 
-0.217619393574521 -0.82394521128559 -0.52321705662163 -0.488265957886886 -0.372264958956757 0.789313090415791 0.845126117161847 -0.427238913410832 0.321292323217458 
-0.213203623093279 -0.827987600982434 -0.518633538945615 -0.491701270411768 -0.367778961333526 0.789283533513709 0.844259483675104 -0.423290878970698 0.328710748234464 
-0.199604821869664 -0.835139962479034 -0.512541859906971 -0.503880459643021 -0.361129508165027 0.78465913664624 0.840394191719765 -0.414881575154891 0.348727517011032 
-0.201141758288937 -0.841420607201525 -0.501550949404996 -0.517824307649042 -0.343291764220997 0.783587104938453 0.831504647900555 -0.41732736118622 0.366657734304244 
-0.210973344434261 -0.853728680656367 -0.476064688632713 -0.538469258469213 -0.304964984926652 0.785523529661781 0.815807027195671 -0.422070726055986 0.395367166801614 
-0.231667802988698 -0.856188383901292 -0.461813252658347 -0.588211810099132 -0.254823209207724 0.767510259546397 0.774814103845749 -0.449451424874334 0.444585786052747 
-0.22777387105491 -0.862929094890243 -0.451079195770063 -0.606152306297925 -0.236887536238596 0.759252050866189 0.762035724381979 -0.446360473571209 0.469109669905577 
-0.214488105771394 -0.85965540336396 -0.463667380726472 -0.604908173866947 -0.255801671633458 0.754089919027223 0.766864364585782 -0.442219506870374 0.46514616420193 
-0.209225186929918 -0.844388457214078 -0.493186531119586 -0.612349473521395 -0.280083713638556 0.739311325242963 0.762399464475291 -0.456685062902286 0.458460259880531 
-0.220425215184477 -0.825333812636212 -0.51984307461988 -0.638887232446524 -0.280549903834467 0.716320358272256 0.7370453369554 -0.490016172363571 0.465454962476991 
-0.220676196987086 -0.810285686403883 -0.542898814229968 -0.66268354669669 -0.283852734870867 0.693021025542389 0.715648330551265 -0.512703356060127 0.474323450468001 
-0.233948742647753 -0.770823163271366 -0.592536612183467 -0.733325691947537 -0.260251918187682 0.628094235453007 0.638358375321576 -0.581464177782223 0.50437882054349 
-0.222900193141246 -0.736709961080496 -0.638415176152925 -0.787881810463741 -0.249512399535678 0.563014933388384 0.574071212166203 -0.628491842208571 0.524824015875135 
-0.212184697208365 -0.717662784914479 -0.663278057393269 -0.820318392307422 -0.23806203254615 0.520004042197906 0.531088871576839 -0.654436089934526 0.5381988616473 
-0.204591830210447 -0.701728212514543 -0.682436589561466 -0.838864660887726 -0.233583875617257 0.491675354034898 0.504428650777155 -0.673064698831224 0.540865646406179 
-0.193064582324613 -0.673502499990514 -0.713526768634752 -0.859391050485278 -0.234840200335426 0.454199408467502 0.473469206387949 -0.70088833833425 0.533462695780521 
-0.156291333449391 -0.634421892448992 -0.757021717964585 -0.885214002476204 -0.25001778127984 0.392284691090494 0.438142886406558 -0.731436922383158 0.522523530251016 
-0.129670555882871 -0.596268562534263 -0.792243238071712 -0.893936392649303 -0.275405914705931 0.353594835994731 0.429025958228845 -0.754065901283379 0.497314129788715 
-0.0986829486735536 -0.552105606191943 -0.82791368828672 -0.898527001629656 -0.308128666258474 0.312579513679629 0.427680842432196 -0.774749072049268 0.465674749557335 
-0.0769225653851477 -0.537879265199196 -0.839505101237235 -0.901614861150962 -0.321931577956865 0.288878350289417 0.425644876729768 -0.779131539076025 0.460196136153624 
-0.0573110411353261 -0.524731282442548 -0.849336520932772 -0.900602292293136 -0.339968811458034 0.270807530087628 0.430849110107396 -0.780434679176939 0.453090229267476 
-0.0220960093695612 -0.487024060880984 -0.8731090026411 -0.906755046765609 -0.358064342301245 0.222677371857749 0.421078438696448 -0.796616275816263 0.43369973203772 
-0.043610528879618 -0.500712165463827 -0.86451457427123 -0.892290309027457 -0.369689065633053 0.259129309741384 0.449350783004242 -0.782698742881248 0.430658277182256 
-0.0423151284436512 -0.478953906803451 -0.876819585241176 -0.897107021481969 -0.368087105828034 0.244358086690194 0.439782243744047 -0.796941050317307 0.414097259598031 
-0.0396875728750248 -0.47007157044811 -0.881735569893683 -0.890855144247973 -0.383013417558942 0.244290470417377 0.452550559082865 -0.795193964153569 0.40356480377694 
-0.0287899001511118 -0.463953172853887 -0.885391774892957 -0.883006849813543 -0.403324894415289 0.240058186128404 0.468476301248689 -0.788718253208145 0.398062146184035 
-0.0452953715436313 -0.470157723597546 -0.88141933508308 -0.880777860580011 -0.397522927568917 0.257305037589893 0.471358345241519 -0.787989363506013 0.396098565224068 
-0.0604102289118897 -0.466230981883531 -0.88259802615615 -0.890748645382395 -0.373854584825641 0.258456186140469 0.450463600074681 -0.801786393584206 0.392709974498982 
-0.209651225998484 -0.830558023711492 -0.515964856056878 -0.499845315393758 -0.362491006315214 0.786609770483115 0.840357676299948 -0.422816318972016 0.339153853427479 
0.740894166119116 -0.671619864122345 -0.00161019469074997 0.521383184806326 0.573646737269188 0.631734909136441 0.423362030904842 0.468888237149001 -0.775182824791307 
0.703574755592591 -0.708034479904014 0.0605783670948532 0.345107288842175 0.414960820534826 0.841848250345077 0.621195237007521 0.571397140951997 -0.536303817654745 
0.597709387132654 -0.791271070762563 -0.128971241398129 0.466386846943728 0.212334059267138 0.85871855475064 0.652094163086432 0.573414631701535 -0.495952480202689 
-0.205331509080476 0.747458294623755 0.631779288341176 -0.230369894407877 0.590483180526989 -0.773472252421012 0.95119329430418 0.304361152765722 -0.0509470858625206 
-0.0216561029686166 -0.663420481336876 -0.74793333803686 0.996500345903813 0.0460888831562462 -0.0697343205530179 -0.0807345887324251 0.746826003693067 -0.660100633532531 
0.751836216820513 0.440580482907983 0.49054168136621 0.282385819058379 0.457133923989854 -0.843378221637462 0.595819227846624 -0.772604305979593 -0.21927615946574 
0.801635402428925 0.426677146113099 0.418721022349483 0.334365477139579 0.260605807768811 -0.905695501067764 0.495560701902236 -0.866043431902781 -0.0662447340414051 
0.831772445047109 0.392914045566797 0.392139200357076 0.341682071100664 0.194366124287452 -0.919497238722246 0.437501956508442 -0.898799400603832 -0.0274167015791004 
0.829857227665396 0.417361140700058 0.370333174216204 0.373437538937768 0.0777123373140042 -0.924394502980896 0.414585800774226 -0.905411768679169 0.0913681724324918 
0.797322325336407 0.568342876349307 0.203134153758401 0.367134087376758 -0.189570343676526 -0.910645730613393 0.479050802531611 -0.800655643645482 0.359806710460574 
0.700947603967286 0.632581441446858 0.329413382286658 0.403140742078709 0.0295938129004848 -0.914659361901598 0.588345135586884 -0.773928243556874 0.234275639485255 
0.671572918161409 0.653944048536882 0.348348958625345 0.369935164554251 0.111419339237346 -0.92235226723315 0.641979586605672 -0.748293333009927 0.167090688413524 
0.616087532610941 0.700288340063297 0.360600045663829 0.373638337760084 0.14319760164819 -0.916454493926506 0.69341945798863 -0.699350189571433 0.173432314258781 
0.290759991878185 0.873341575777824 0.390810848289689 0.358119118263851 0.279431552357393 -0.890880858858838 0.887248175121775 -0.398989347683677 0.231512799166773 
0.25036101278456 0.900957100903809 0.354394787784036 0.550942930080253 0.168418424973425 -0.817372082912095 0.796103794157568 -0.399889405286604 0.454210537600627 
0.219458588591161 0.886249562652546 0.4079211205512 0.501370824766467 0.256231154353496 -0.826421739556547 0.836938004852551 -0.385885097194549 0.388107546688526 
-0.172023948671048 0.923100668695364 0.343937372987863 0.651217146341425 0.368532968050288 -0.663400090270552 0.739137327831948 -0.109857211480253 0.664535479633128 
-0.276216142717649 0.941409467537608 0.193527406154119 0.618503830322707 0.328239627683788 -0.713941005051642 0.735634185161568 0.0775045885645851 0.672930445419963 
-0.3642866537073 0.926502487420723 -0.0942781774004489 0.719099907804636 0.215514037628104 -0.660642885514251 0.591769006053968 0.308458814736173 0.7447567408795 
-0.126400133264928 -0.618329583449136 -0.775687780322874 0.980066452420053 -0.198665426951567 -0.00134051293323134 0.153273465255344 0.760395012060028 -0.631115417719175 
-0.505853408195583 0.786393237726671 -0.354539144629583 0.616417598815331 0.0420193194764271 -0.786297475934827 0.603441524331609 0.616295426275825 0.506002247291298 
-0.531178237861238 0.591775034071437 -0.60634312783471 0.683741447852136 -0.123223776330809 -0.719245113598862 0.500347191569709 0.796629280152647 0.339167330224745 
-0.47397257670812 0.45553045867257 -0.753552916357056 0.683246279874828 -0.349573559700182 -0.641071639831113 0.555449833527633 0.818712603775038 0.145551210417582 
-0.641118510342782 0.543217368767877 -0.542108795321341 0.496600595160636 -0.244910768214598 -0.832710372517743 0.585111019022847 0.803077583973952 0.112745241747072 
-0.711301540693717 0.702412581774541 -0.0258202085887987 0.0668201711758472 0.0310063236748384 -0.997283145659347 0.699703639357961 0.711094348773069 0.0689901747514042 
-0.673783711786111 0.60781314659969 0.42021267062324 -0.272259431772799 0.324464009168158 -0.905868593431342 0.686942727993014 0.724766366200247 0.0531357025210556 
-0.460262648138391 0.714620540509549 0.526759696456056 -0.326228805677724 0.415689859399238 -0.848985693129588 0.825671279066143 0.562600590005451 -0.0418032899518314 
-0.482726493668357 0.664984665563978 0.569886415766703 -0.3237290413717 0.469143173986015 -0.821647241871406 0.813741138251726 0.581119675167768 0.0111929910968054 
-0.249161770182055 0.703551690345987 0.665532441952343 -0.316530596490467 0.590304447265283 -0.742528814945398 0.91527416316923 0.395671174777911 -0.0756143351801335 
0.708662204360359 -0.618663219664402 -0.339195667344961 0.695132346568513 0.529919069865352 0.485774433402164 0.120784522457434 0.580035860984057 -0.805586431804318 
-0.496489087654435 0.841998410996513 -0.211038531361964 -0.0734499267302873 -0.282998222720369 -0.95630388172402 0.864929878142374 0.45929367709175 -0.202350251000975 
-0.69353155372372 0.574050783292484 -0.435292639715915 -0.0112672058360393 -0.61278429088868 -0.790169894967346 0.720338138697524 0.543103223191819 -0.43145318969321 
-0.766995088088499 0.444696196815846 -0.462562241634181 0.0737207900549 -0.655045375065786 -0.751984575452586 0.637403937830476 0.610868929593286 -0.469633230186873 
-0.779517296057123 0.328807207873469 -0.533140324115749 0.19219857324974 -0.684529142143841 -0.703192407521998 0.596164820824373 0.650619453756396 -0.470406029728757 
-0.795277821631392 0.29914954214613 -0.527297579982109 0.292989393471578 -0.571802515269503 -0.766289174427401 0.530745138210784 0.76390538351633 -0.367094215836186 
-0.814504484482744 0.245516739071451 -0.52564624567595 0.364869011864453 -0.487643656199239 -0.793142023063775 0.451057700231975 0.837809760867203 -0.307606494822658 
-0.780821167893414 0.184413771475508 -0.59691696630247 0.45717610766922 -0.482525203314006 -0.747100685813632 0.425803135669509 0.856248205286853 -0.292456322545875 
-0.747896608087694 0.185027694410048 -0.637507188910232 0.470326652001639 -0.530021675968859 -0.705598939497567 0.468447973661807 0.827551675307629 -0.309377957630604 
-0.749516528723964 0.214662961268963 -0.626214648685911 0.48821632130766 -0.459603493142428 -0.741895850305213 0.447068000172675 0.861791414525881 -0.239678453497779 
-0.724190590117872 0.0867851953531145 -0.684117182251878 0.567379674099292 -0.488874992471205 -0.662632286532479 0.391954454756811 0.868026250526907 -0.304798513435499 
-0.686163013642125 0.00572253709699241 -0.72742530288596 0.583265678295296 -0.593249711153206 -0.554847662642068 0.434719987155278 0.804998157007711 -0.403728250165757 
-0.593624452519185 -0.0445967534329757 -0.803505531377686 0.691723485474351 -0.538528064267489 -0.481150853308532 0.411252512471978 0.841426558636908 -0.350532049042502 
-0.530436356760005 -0.138421049939687 -0.83634734671712 0.77841387628333 -0.470242698483256 -0.415864932078608 0.335721772658153 0.871614259553376 -0.357182689819212 
-0.440005458020159 -0.132833172370715 -0.888116290375536 0.870295374908904 -0.306824187815964 -0.38528545026155 0.22131687085408 0.942451200905917 -0.250608412840337 
-0.338630144213431 -0.196717181533288 -0.920126065232146 0.902668280772506 -0.343911455863525 -0.258679116692939 0.265555267914609 0.918165159987804 -0.294029145948782 
-0.303736856390154 -0.160711106495164 -0.939103754821227 0.930875573704111 -0.260085070966856 -0.256566603713749 0.203013763945377 0.952117480203607 -0.228599465308791 
-0.236135617807657 -0.194326662278389 -0.952090919151284 0.951235218822016 -0.246350605514244 -0.185641960869297 0.198472991802987 0.949499092938222 -0.243022517545732 
-0.214071108070872 -0.214964900149541 -0.952871267482134 0.94498122100828 -0.292590952476099 -0.146290896746278 0.247354103727855 0.93176210817613 -0.265773063225306 
-0.18910207079523 -0.311871600711732 -0.931115734745396 0.947740875659403 -0.306097522817173 -0.0899529828829413 0.25695843910116 0.899466737125222 -0.353457139381854 
-0.126692691963034 -0.362242386852024 -0.923433492445942 0.951067694582747 -0.308841622284879 -0.00933234512342884 0.281814126906758 0.879430102687071 -0.383645008261008 
-0.0870847937660317 -0.369571720560559 -0.925112415902325 0.947359644675653 -0.317928624896875 0.0378297913185128 0.308100539328882 0.873119770039077 -0.377804082603883 
-0.116208304719684 -0.438466881156095 -0.891202796249779 0.907444626973831 -0.411648142541886 0.0842024685988455 0.403781969496536 0.798932162871831 -0.445721348196871 
-0.0813949917075312 -0.476488209339746 -0.875404958682056 0.888356126762994 -0.432902447263029 0.15303222927322 0.451883001857319 0.765215301411232 -0.458527311202436 
-0.115241083991457 -0.567074165145809 -0.815565070233306 0.880644780349506 -0.43816055088389 0.180222369566866 0.459547890217814 0.697454100907945 -0.549885000452864 
-0.132716783760253 -0.537682933696877 -0.832636366080328 0.822617065223224 -0.528364430538371 0.210076634934477 0.552890060782309 0.657060188531449 -0.512429984812708 
-0.151972951546726 -0.510125772747863 -0.846567137311963 0.659245909907968 -0.690475457694494 0.297722139907657 0.736409568289136 0.512850210392835 -0.441231922499079 
0.0298482268519991 -0.56391451900057 -0.825293583286667 0.605862785620281 -0.646494038289822 0.463654767533077 0.795009036649412 0.513853942006941 -0.322358120620067 
0.199259303638238 -0.680650962960082 -0.704989359164461 0.578964742121617 -0.498661945288728 0.645086111849349 0.790629848471239 0.536703391960936 -0.294709877275893 
0.383651287537105 -0.803819568473583 -0.454627089943026 0.528981979543112 -0.212243879514339 0.821663313606829 0.756960867475838 0.55572172617925 -0.343778428879099 
-0.569241035690897 0.807811298410369 -0.152988723264525 -0.0555980018467812 -0.223474802457572 -0.973122743983099 0.820288672039424 0.545435531320708 -0.172123722062637 
0.155930167606255 0.772865088746226 0.615114084887977 -0.223159933672251 0.634194470933124 -0.740268206153184 0.962229404473633 0.0218386729254204 -0.271362572089768 
0.182275721158314 0.781866100827603 0.596205469492572 -0.284504376946642 0.622364708622265 -0.729190941358796 0.941186921378756 0.0367092609318795 -0.335886303959265 
0.297024830534334 0.773664657478013 0.559659939441335 -0.348331886289134 0.633512157809638 -0.69088873409662 0.889067571695371 -0.0102637067770668 -0.457660910809401 
0.0896627006916105 0.811877912488264 0.576901079318098 -0.478962474651306 0.543007164240229 -0.68973775267103 0.87324426593055 0.214470218905758 -0.437546542920787 
-0.210280805446506 0.851614625385886 0.480140096940076 -0.479222884309622 0.338282096032224 -0.809883109255905 0.852131099077328 0.400396994660177 -0.336978985475894 
-0.281882680311325 0.857915138735563 0.429562299636319 -0.504744069558026 0.248156689433531 -0.826832317786014 0.815950720807639 0.449888733152687 -0.363076505706118 
-0.501562603219202 0.803082448134299 0.321704113356666 -0.38645195631023 0.124714258170692 -0.913838738111343 0.774008940850152 0.582670520369406 -0.247800775173265 
-0.459163936105178 0.857836116799925 0.230836904532239 -0.282050780498043 0.105627322878929 -0.953567106124092 0.842386987673032 0.502951354879432 -0.193453088949488 
-0.570404768410964 0.812399934146685 0.121015483193251 -0.194871358521307 0.00927451290239568 -0.980784959631052 0.797911996276591 0.583026869371288 -0.153023252445569 
-0.555773013258926 0.822171066786596 -0.123089782971962 -0.0590848580849027 -0.186753246244459 -0.980628474276698 0.829231775366924 0.537734099677663 -0.152370275203768 
-0.650262750019725 0.735167494466941 -0.191538797678135 0.0225812823650453 -0.233305988340497 -0.972141142782886 0.75937371670577 0.636472364587548 -0.1351091687962 
-0.662677718211859 0.711010218214638 -0.235207804674712 0.0702493444051636 -0.253668605930954 -0.964736890543578 0.745602622981014 0.655832835377598 -0.118152531265357 
-0.061673500926605 0.848822198649441 0.525068809170174 -0.13132994246231 0.514594978802158 -0.847316029592533 0.989418427914248 0.121214202433274 -0.0797388966073813 
0.423440387045534 -0.695833229153784 -0.580098574230402 0.905834949846805 0.334185937183212 0.260351306939327 -0.0126996950658321 0.635716821072398 -0.771817880818292 
-0.876613782852351 0.365009994990214 0.313553790075221 -0.416875366245764 -0.250614388264649 -0.873731856699867 0.240339769349045 0.896638239175633 -0.371855702278811 
-0.785605252151133 0.320533657700814 0.529228270289383 -0.612299124769846 -0.525739330008943 -0.590498042916171 -0.0889616186826397 0.787944370601558 -0.609286056986929 
-0.873338796174118 0.192485880476481 0.447469030117546 -0.423101883085049 -0.754956693513598 -0.501024138589051 -0.241379666970995 0.62688880731451 -0.740774108373641 
-0.946005098685942 -0.00937237168580118 0.32401622167599 -0.179603023716067 -0.816966352818464 -0.548004317715238 -0.269846451027703 0.576609171806589 -0.771171028926964 
-0.892523152087551 0.00159122781475216 0.450998770488062 -0.268613284073868 -0.805157050117365 -0.528742875380231 -0.362283489282569 0.593059518632274 -0.719048733225295 
-0.773868607247615 -0.0094151405374982 0.633276190808795 -0.3196042272366 -0.85743618182299 -0.403306746823444 -0.546791108787564 0.514504178048607 -0.660533825115258 
-0.849592520636059 0.000721005177105383 0.527439123530672 -0.236246503466279 -0.894597039210928 -0.379320085198501 -0.471571986529338 0.446873156037119 -0.76021328844884 
-0.643798087118492 0.108630663038068 0.757445312923963 -0.504134349093236 -0.804886560566489 -0.313059391623679 -0.575649703454202 0.583401237286448 -0.57294887664235 
-0.563334835861709 0.115767434386525 0.818078091529301 -0.548302296572218 -0.793070678816137 -0.26533655981742 -0.618076414594743 0.598027423733789 -0.510239890820028 
0.646324599076874 0.68027923323893 0.345665557225437 0.411881221791759 0.0703170871492192 -0.908520427062692 0.642353774616018 -0.729572252815787 0.234746578586039 
0.661198610962068 0.61132644651446 0.434852127341967 0.513585813797141 0.0536653195303611 -0.856358362688211 0.546850993167389 -0.789556843597538 0.278485155798533 
0.743016162271577 0.570515184814317 0.349913427149494 0.451722576245987 -0.041717431836211 -0.891182568271328 0.49383569809493 -0.820226846535322 0.288711315174546 
-0.939778754287818 0.295619062623363 0.171537934005636 -0.241047675331704 -0.217457188992107 -0.945837401022413 0.242305408949985 0.930226714714932 -0.275619934011032 
-0.858472551981081 0.478398534785493 0.184823481760799 -0.197699951662189 0.0238336902213255 -0.979972797746551 0.473222576181504 0.877819341963668 -0.074118798334926 
-0.705540881738547 0.647460071180676 0.28811025740558 -0.180807245311846 0.228634984899194 -0.956574505055873 0.685215881484322 0.726994841733324 0.0442458569224669 
-0.750204356182623 0.601886543425783 0.273726163907618 -0.107603893028371 0.297327022385159 -0.948692808007268 0.652391620247958 0.741167478106358 0.158290692170151 
-0.534450452152648 0.78951735355183 0.301703600632051 -0.22824040056821 0.20888308548692 -0.950933318453995 0.813799135992594 0.577087692675887 -0.0685620975446982 
-0.525436431339544 0.79608651881376 0.300271229364643 -0.233251409891286 0.204616627352146 -0.950644947177842 0.818236112870174 0.569542176115187 -0.0781752724401099 
-0.496400660453992 0.806567161811399 0.320991896764306 -0.224556500422275 0.237874116489616 -0.944981630944425 0.838546815877887 0.541170322719003 -0.0630390306815389 
-0.624440258819345 0.722832124259061 0.295952839663288 -0.110057339963817 0.293699092945867 -0.949541060051046 0.773279862071759 0.625503447585949 0.103844556777776 
-0.516400001546817 0.811484114471931 0.273540802006123 -0.151132210570927 0.228051304930629 -0.961848042700812 0.842905744036896 0.538039156827031 -0.00487569384440369 
-0.348389068294907 0.918407394230507 0.187491107296686 -0.187092803411533 0.127865298499365 -0.97398498363747 0.918488617242598 0.374403957861558 -0.127280541849023 
-0.336010973838162 0.925170481985371 0.176511202826585 -0.20306533678069 0.111839226987347 -0.972757141482405 0.919707069918719 0.362700381265074 -0.150290847930586 
-0.287800047445497 0.95218510989205 0.102540963474289 -0.116842271997606 0.0713602539997625 -0.990583463229387 0.950536172991227 0.297071086861302 -0.0907179871152227 
-0.146089843867597 0.989053556763663 0.0207561887611464 -0.00492246484270698 0.0202542694315158 -0.999782743354609 0.989259079745348 0.146160276487638 -0.00190963830182103 
0.0368425558315597 0.999310161587825 0.00467194040136434 0.103585420042432 0.000831028015714844 -0.994620214024966 0.993937969309167 -0.0371282956753014 0.103483345644679 
0.0451802417402757 0.998914088466454 0.0113749558031402 0.135995056741512 0.00513040747926415 -0.99069623167799 0.989678781372099 -0.0463068329982721 0.135615585090752 
0.00558523100629127 0.999983976963497 0.000922502506423353 0.154560876436153 4.8159611076265e-05 -0.987983265625456 0.987967479560888 -0.0056606975647755 0.154558130919035 
0.0204045530123329 0.999749303083405 0.00921874181288629 0.295352072158023 0.00278161275416111 -0.955384433671832 0.955170564709952 -0.0222169668211403 0.295221270739321 
0.0453098449143696 0.998307837413864 0.0364483156248625 0.452872228120062 0.0119942076449069 -0.891494747029135 0.890423361638387 -0.0568999186381201 0.451562438991076 
0.107150026093361 0.992545192190938 0.0580767885376491 0.441627711977932 0.00482116931998861 -0.89718544367345 0.890777096652877 -0.121781762941102 0.437818873843543 
0.163328455603861 0.983191308453696 0.0816006530069911 0.443724251252944 0.000665892253789963 -0.896163124345965 0.881154132056403 -0.182577127725836 0.436157068028608 
0.341753111272699 0.91563861510841 0.211685468225346 0.496532577384244 0.0153189748778218 -0.867882900283703 0.797909901261784 -0.401710412525051 0.449409094186315 
0.355499651902831 0.910812638377372 0.209857893034827 0.48718973481501 0.0110425090967158 -0.873226331075586 0.797662936200402 -0.412672267986232 0.439812959617215 
0.481116335052131 0.792676382194381 0.374421186976958 0.521622322948119 0.0844211444587687 -0.848989530306753 0.704583014518668 -0.603769180630727 0.372861304203435 
-0.816238577269024 0.539001204125807 0.207923752680569 -0.211626023250199 0.0559259128278036 -0.975749311328317 0.537558379398133 0.840446306568901 -0.0684177938371751 
-0.909149257980719 0.408020819629134 0.0834663852234982 -0.124406196339428 -0.0748038338175003 -0.989407643369789 0.397455311985465 0.909902960317953 -0.11876816820665 
-0.823674988116806 0.554205723735188 0.120064689771543 -0.133624252251464 0.0160758851273052 -0.990901672784748 0.551093524876692 0.832224477948426 -0.0608140209363959 
-0.912968647008525 0.392424889334316 0.111762944710551 -0.132814022200542 -0.0268146877130204 -0.990778183061056 0.385809130382289 0.919393103494802 -0.0766004971254054 
-0.304561441995487 0.0754963769222705 0.949495984784159 -0.324191655340472 -0.945552763265609 -0.0288052510556118 -0.895623860031227 0.316591643844847 -0.31245420846963 
-0.431729777909206 0.131649748582079 0.892343959784983 -0.487111633972629 -0.866659623995931 -0.107811651428527 -0.75916510385751 0.481216624643732 -0.438290891134541 
-0.392624526801673 0.108117854382022 0.913321690598439 -0.615742779134614 -0.768558877587881 -0.173718397484087 -0.683159433000339 0.630577339621941 -0.368327853763424 
-0.238362972072439 0.0816068791878729 0.967741396662357 -0.69947903680495 -0.705698357146726 -0.112778126384647 -0.673730042832597 0.703796949403468 -0.225294659047123 
0.872123237810763 0.405113631090003 0.274379306755348 0.351642898484911 -0.129029541633915 -0.927199357921948 0.340218062447605 -0.90511564083868 0.254984993075244 
0.957452691404967 0.263214350998785 0.118332367295144 0.220170640712859 -0.401141692955621 -0.889162657302244 0.186572325625945 -0.877384492455267 0.442026265859326 
0.916497011019775 0.230588072221004 0.326898102994221 0.399335807817408 -0.575863645325444 -0.713380665975263 -0.0237516607132527 -0.7843533661188 0.619859383789154 
0.926523876581983 0.307542485207587 0.216728230546543 0.362804272594783 -0.577776776899956 -0.731127250115922 0.0996321529952272 -0.756036782086322 0.646901706770121 
0.847137100183422 0.0977874056662763 0.522299106629412 0.347310702301736 -0.845802315337174 -0.404961380179581 -0.402161670922898 -0.524457878826637 0.750473133281377 
